Heuristic function: manhattan distance
Minimum number of moves: 24
Number of node expanded: 1511
Number of node explored: 2459
5 6 0 
4 8 2 
1 3 7 

5 6 2 
4 8 0 
1 3 7 

5 6 2 
4 0 8 
1 3 7 

5 6 2 
4 3 8 
1 0 7 

5 6 2 
4 3 8 
1 7 0 

5 6 2 
4 3 0 
1 7 8 

5 6 2 
4 0 3 
1 7 8 

5 0 2 
4 6 3 
1 7 8 

5 2 0 
4 6 3 
1 7 8 

5 2 3 
4 6 0 
1 7 8 

5 2 3 
4 0 6 
1 7 8 

5 2 3 
0 4 6 
1 7 8 

0 2 3 
5 4 6 
1 7 8 

2 0 3 
5 4 6 
1 7 8 

2 4 3 
5 0 6 
1 7 8 

2 4 3 
0 5 6 
1 7 8 

2 4 3 
1 5 6 
0 7 8 

2 4 3 
1 5 6 
7 0 8 

2 4 3 
1 0 6 
7 5 8 

2 0 3 
1 4 6 
7 5 8 

0 2 3 
1 4 6 
7 5 8 

1 2 3 
0 4 6 
7 5 8 

1 2 3 
4 0 6 
7 5 8 

1 2 3 
4 5 6 
7 0 8 

1 2 3 
4 5 6 
7 8 0 

Heuristic function: hamming distance
Minimum number of moves: 24
Number of node expanded: 17097
Number of node explored: 27636
5 6 0 
4 8 2 
1 3 7 

5 6 2 
4 8 0 
1 3 7 

5 6 2 
4 0 8 
1 3 7 

5 6 2 
4 3 8 
1 0 7 

5 6 2 
4 3 8 
0 1 7 

5 6 2 
0 3 8 
4 1 7 

5 6 2 
3 0 8 
4 1 7 

5 6 2 
3 1 8 
4 0 7 

5 6 2 
3 1 8 
4 7 0 

5 6 2 
3 1 0 
4 7 8 

5 6 0 
3 1 2 
4 7 8 

5 0 6 
3 1 2 
4 7 8 

5 1 6 
3 0 2 
4 7 8 

5 1 6 
0 3 2 
4 7 8 

0 1 6 
5 3 2 
4 7 8 

1 0 6 
5 3 2 
4 7 8 

1 3 6 
5 0 2 
4 7 8 

1 3 6 
5 2 0 
4 7 8 

1 3 0 
5 2 6 
4 7 8 

1 0 3 
5 2 6 
4 7 8 

1 2 3 
5 0 6 
4 7 8 

1 2 3 
0 5 6 
4 7 8 

1 2 3 
4 5 6 
0 7 8 

1 2 3 
4 5 6 
7 0 8 

1 2 3 
4 5 6 
7 8 0 

Heuristic function: linear conflict
Minimum number of moves: 24
Number of node expanded: 767
Number of node explored: 1251
5 6 0 
4 8 2 
1 3 7 

5 6 2 
4 8 0 
1 3 7 

5 6 2 
4 0 8 
1 3 7 

5 6 2 
4 3 8 
1 0 7 

5 6 2 
4 3 8 
1 7 0 

5 6 2 
4 3 0 
1 7 8 

5 6 2 
4 0 3 
1 7 8 

5 0 2 
4 6 3 
1 7 8 

5 2 0 
4 6 3 
1 7 8 

5 2 3 
4 6 0 
1 7 8 

5 2 3 
4 0 6 
1 7 8 

5 2 3 
0 4 6 
1 7 8 

5 2 3 
1 4 6 
0 7 8 

5 2 3 
1 4 6 
7 0 8 

5 2 3 
1 4 6 
7 8 0 

5 2 3 
1 4 0 
7 8 6 

5 2 0 
1 4 3 
7 8 6 

5 0 2 
1 4 3 
7 8 6 

0 5 2 
1 4 3 
7 8 6 

1 5 2 
0 4 3 
7 8 6 

1 5 2 
4 0 3 
7 8 6 

1 0 2 
4 5 3 
7 8 6 

1 2 0 
4 5 3 
7 8 6 

1 2 3 
4 5 0 
7 8 6 

1 2 3 
4 5 6 
7 8 0 

Heuristic function: euclidean distance
Minimum number of moves: 24
Number of node expanded: 3024
Number of node explored: 4885
5 6 0 
4 8 2 
1 3 7 

5 6 2 
4 8 0 
1 3 7 

5 6 2 
4 0 8 
1 3 7 

5 6 2 
4 3 8 
1 0 7 

5 6 2 
4 3 8 
1 7 0 

5 6 2 
4 3 0 
1 7 8 

5 6 2 
4 0 3 
1 7 8 

5 0 2 
4 6 3 
1 7 8 

5 2 0 
4 6 3 
1 7 8 

5 2 3 
4 6 0 
1 7 8 

5 2 3 
4 0 6 
1 7 8 

5 2 3 
0 4 6 
1 7 8 

5 2 3 
1 4 6 
0 7 8 

5 2 3 
1 4 6 
7 0 8 

5 2 3 
1 4 6 
7 8 0 

5 2 3 
1 4 0 
7 8 6 

5 2 0 
1 4 3 
7 8 6 

5 0 2 
1 4 3 
7 8 6 

0 5 2 
1 4 3 
7 8 6 

1 5 2 
0 4 3 
7 8 6 

1 5 2 
4 0 3 
7 8 6 

1 0 2 
4 5 3 
7 8 6 

1 2 0 
4 5 3 
7 8 6 

1 2 3 
4 5 0 
7 8 6 

1 2 3 
4 5 6 
7 8 0 

